3029073
3029074
3029075
3029076
3029077
3029078
3029079
3029080
3029081
3029082
3029083
3029084
3029085
3029086
3029087
3029088
3029089
3029090
3029091
3029092
3029093
2972446
3050347
3050330
3050328
3050327
3050326
3050325
3050276
3050227
3050154
3050153
3029094
3029095
3029096
3029097
3029098
3029099
3029100
3029101
3029102
3029103
3029104
3029105
3029106
3029107
3029108
3029109
3029110
3029111
3029112
3029113
3029114
3029115
3029116
3029117
3029118
3029119
3029120
3029121
3029122
3029123
3029124
3029125
3029126
3029127
3029128
3029129
3029130
3029131
3029132
3029133
3029134
3029135
3029136
3029137
3029138
3029139
3029140
3029141
3029142
3029143
3029144
3029145
3029146
3029147
3029148
3029149
3029150
3029151
3029152
3029153
3029154
3029155
3029156
3029157
3029158
3029159
3029160
3029161
3029162
3029163
3029164
3029165
3029166
3029167
3029168
3029169
3029170
3029171
3029172
3029173
3029174
3029175
3029176
3029177
3029178
3029179
3029180
3029181
3029182
3029183
3029184
3029186
3029187
3029188
3029189
3029190
3029191
3029192
3035129
3035130
3035131
3035133
3035134
3035135
3035136
3035137
3035138
3035139
3035140
3035142
3035143
3035144
3035145
3035146
3035147
3035148
3035149
3035150
3035151
3035152
3035153
3035154
3035155
3035157
3035158
3035159
3035160
3035161
3035162
3035163
3035164
3035165
3035167
3035168
3035169
3035170
3035171
3035172
3035173
3035174
3035176
3035177
3035178
3035179
3035180
3035181
3035182
3035184
3035185
3035186
3035188
3035189
3035190
3035191
3035192
3035194
3035195
3035196
3035197
3035198
3035199
3035200
3035202
3035203
3035204
3035205
3035206
3035207
3035208
3035209
3035211
3035212
3035213
3035214
3035215
3035216
3035218
3035219
3035220
3035221
3035222
3035223
3035224
3035225
3035226
3035227
3035228
3035230
3035231
3035232
3035233
3035234
3035235
3035236
3035237
3035238
3035239
3035241
3035242
3035243
3035244
3035245
3035246
3035247
3035248
3035249
3035250
3035252
3035253
3035254
3035255
3035256
3035257
3035258
3035259
3035260
3035261
3035262
3035263
3035265
3035266
3035267
3035268
3035269
3035270
3035271
3035272
3035273
3035274
3035276
3035278
3035279
3035280
3035281
3035283
3035285
3035286
3035287
3035289
3035290
3035291
3035292
3035293
3035294
3035295
3035296
3035297
3035298
3035299
3035300
3035302
3035303
3035304
3035305
3035306
3035307
3035308
3035309
3035310
3035311
3035313
3035315
3035316
3035317
3035318
3035319
3035321
3035322
3035323
3035324
3035325
3035326
3035328
3035329
3035330
3035331
3035332
3035333
3035334
3035338
3035340
3035343
3035344
3035402
3035405
3035407
3035409
3035411
3035413
3035415
3035417
3035420
3035422
3035424
3035426
3035428
3035430
3035432
3035434
3035436
3035438
3035440
3035442
3035444
3035446
3035448
3035450
3035452
3035454
3035456
3035458
3035460
3035462
3035464
3035466
3035468
3035470
3035472
3035474
3035476
3035477
3035479
3035481
3035483
3035485
3035487
3035489
3035491
3035493
3035495
3035497
3035499
3035501
3035503
3035505
3035507
3035509
3035511
3035513
3035514
3035516
3035518
3035520
3035522
3035523
3035525
3035528
3035530
3035531
3035533
3035535
3035537
3035539
3035541
3035543
3035545
3035547
3035549
3035551
3035553
3035555
3035557
3035559
3035561
3035563
3035565
3035567
3035569
3035571
3035573
3035575
3035577
3035579
3035581
3035583
3035585
3035586
3035588
3035590
3035592
3035594
3035596
3035598
3035600
3035602
3035604
3035606
3035608
3035610
3035612
3035614
3035616
3035618
3035620
3035622
3035624
3035626
3035628
3035630
3035632
3035634
3035636
3035638
3035640
3035642
3035644
3035646
3035648
3035650
3035652
3035654
3035656
3035658
3035660
3035662
3035664
3035666
3035668
3035670
3035672
3035674
3035676
3035678
3035680
3035682
3035684
3035686
3035688
3035690
3035692
3035693
3035696
3035697
3035699
3035702
3035705
3035707
3035709
3035711
3035713
3035715
3035717
3035719
3035721
3035723
3035726
3035728
3035730
3035732
3035733
3035735
3035736
3035738
3035739
3035740
3035742
3035743
3035745
3035746
3035747
3035749
3035750
3035752
3035753
3035754
3035756
3035757
3035759
3035760
3035762
3035763
3035764
3035766
3035767
3035768
3035770
3035771
3035773
3035774
3035775
3035777
3035778
3035780
3035781
3035782
3035784
3035785
3035787
3035788
3035789
3035791
3035792
3035793
3035795
3035796
3035798
3035799
3035800
3035802
3035803
3035804
3035806
3035807
3035809
3035810
3035811
3035813
3035814
3035815
3035817
3035819
3035822
3035825
3035826
3035829
3035831
3035833
3035835
3035837
3035839
3035843
3035846
3035848
3035850
3035853
3035854
3035857
3035860
3035861
3035864
3035866
3035868
3035870
3035872
3035874
3035876
3035879
3035882
3035884
3035887
3035889
3035891
3035893
3035896
3035899
3035902
3035903
3035906
3035908
3035910
3035911
3035914
3035917
3035919
3035921
3035924
3035925
3035928
3035931
3035933
3035936
3035941
3035944
3035948
3035951
3035954
3035956
3035958
3035961
3035963
3035965
3035968
3035970
3035973
3035974
3035977
3035979
3035981
3035984
3035985
3035988
3035990
3035992
3035994
3035996
3035999
3036001
3036004
3036006
3036008
3036011
3036014
3036015
3036018
3036021
3036024
3036026
3036028
3036030
3036033
3036034
3036037
3036039
3036042
3036043
3036046
3036048
3036050
3036053
3036055
3036057
3036059
3036061
3036064
3036065
3036068
3036070
3036072
3036075
3036079
3036081
3036083
3036086
3036089
3036092
3036095
3036098
3036100
3036102
3036105
3036107
3036109
3036112
3036115
3036117
3036121
3036124
3036126
3036129
3036132
3036134
3036136
3036138
3036140
3036142
3036145
3036147
3036149
3036151
3036153
3036155
3036157
3036159
3036161
3036163
3036165
3036171
3036176
3036178
3036180
3036182
3036184
3036186
3036188
3036190
3036192
3036194
3036196
3036198
3036200
3036202
3036206
3036208
3036211
3036213
3036215
3036218
3036221
3036223
3036225
3036227
3036231
3053879
3053880
3053881
3053882
3053883
3053884
3053885
3053886
3053887
3053888
3053889
3053890
3053891
3053892
3053893
3053894
3053895
3053896
3053897
3053898
3053899
3053900
3053901
3053902
3053903
3053904
3053905
3053906
3053907
3053908
3053909
3053910
3053911
3053912
3053913
3053914
3053915
3053916
3053917
3053918
3053919
3053920
3053921
3053922
3053923
3053924
3053925
3053926
3053927
3053928
3053929
3053930
3053931
3053932
3053933
3053934
3053935
3053936
3053937
3053938
3053939
3053940
3053941
3053942
3053943
3053944
3053945
3053946
3053947
3053948
3053949
3053950
3053951
3053952
3053953
3053954
3053955
3053956
3053957
3053958
3053959
3053960
3053961
3053962
3053963
3053964
3053965
3053966
3053967
3053968
3053969
3053970
3053971
3053972
3053973
3053974
3053975
3053976
3053977
3053978
3053979
3053980
3053981
3053982
3053983
3053984
3053985
3053986
3053987
3053988
3053989
3053990
3053991
3053992
3053993
3053994
3053995
3053996
3053997
3053998
3053999
3054000
3054001
3054002
3054003
3054004
3054005
3054006
3054007
3054008
3054009
3054010
3054011
3054012
3054013
3054014
3054015
3054016
3054017
3054018
3054019
3054020
3054021
3054022
3054023
3054024
3054025
3054026
3054027
3054028
3054029
3054030
3054031
3054032
3054033
3054034
3054035
3054036
3054037
3054038
3054039
3054040
3054041
3054042
3054043
3054044
3054045
3054046
3054047
3054048
3054049
3054050
3054051
3054052
3054053
3054054
3054055
3054056
3054057
3054058
3054059
3054060
3054061
3054062
3054063
3054064
3054065
3054066
3054067
3054068
3054069
3054070
3054072
3054073
3054075
3054076
3054077
3054078
3054079
3054080
3054081
3054082
3054083
3054084
3054085
3054086
3054087
3054088
3054089
3054090
3054091
3054092
3054093
3054094
3054095
3054096
3054098
3054099
3054100
3054101
3054102
3054103
3054104
3054105
3054106
3054107
3054108
3054109
3054110
3054111
3054112
3054113
3054114
3054115
3054116
3054117
3054118
3054119
3054120
3054121
3054122
3054123
3054125
3054126
3054127
3054128
3054129
3054130
3054487
3054488
3054489
3054490
3054491
3054492
3054493
3054494
3054495
3054496
3054497
3054498
3054499
3054500
3054501
3054502
3054503
3054504
3054505
3054506
3054507
3054508
3054509
3054510
3054511
3054512
3054513
3054514
3054515
3054516
3054517
3054518
3054519
3054520
3054521
3054522
3054523
3054524
3054525
3054526
3054527
3054528
3054529
3054530
3054531
3054532
3054533
3054534
3054535
3054536
3054537
3054538
3054539
3054540
3054541
3054542
3054543
3054544
3054545
3054546
3054547
3054548
3054549
3054550
3054551
3054552
3054553
3054554
3054555
3054556
3054557
3054558
3054559
3054560
3054561
3054562
3054563
3054564
3054565
3054566
3054567
3054568
3054569
3054570
3054571
3054572
3054573
3054574
3054575
3054576
3054577
3054578
3054579
3054580
3054581
3054582
3054583
3054584
3054585
3054586
3054587
3054588
3054589
3054590
3054591
3054592
3054593
3054594
3054595
3054596
3054597
3054598
3054599
3054600
3054601
3054602
3054603
3054604
3054605
3054606
3054607
3054608
3054609
3054610
3054611
3054612
3054613
3054614
3054615
3054616
3054617
3054618
3054619
3054620
3054621
3054622
3054623
3054624
3054625
3054626
3054627
3054628
3054629
3054630
3054631
3054632
3054633
3054634
3054635
3054636
3054638
3054639
3054640
3054642
3054643
3054644
3054648
3054649
3054651
3054652
3054653
3054654
3054655
3054656
3054657
3054658
3054659
3054660
3054661
3054662
3054665
3054666
3054667
3054668
3054669
3054673
3054674
3054676
3054677
3054678
3054679
3054680
3054683
3054684
3054949
3054950
3054951
3054952
3054953
3054954
3054955
3054956
3054957
3054958
3054959
3054960
3054961
3054962
3054963
3054964
3054965
3054966
3054967
3054968
3054969
3054970
3054971
3054972
3054973
3054974
3054975
3054976
3054977
3054978
3054979
3054980
3054981
3054982
3054983
3054984
3054985
3054986
3054987
3054988
3054989
3054990
3054991
3054992
3054993
3054994
3054995
3054996
3054997
3054998
3054999
3055000
3055001
3055002
3055003
3055004
3055005
3055006
3055007
3055008
3055009
3055010
3055011
3055012
3055013
3055014
3055015
3055016
3055017
3055018
3055019
3055020
3055021
3055022
3055023
3055024
3055025
3055026
3055027
3055028
3055029
3055030
3055031
3055032
3055033
3055034
3055035
3055036
3055037
3055038
3055039
3055040
3055041
3055042
3055043
3055044
3055045
3055046
3055047
3055048
3055049
3055050
3055051
3055052
3055053
3055054
3055055
3055056
3055057
3055058
3055059
3055060
3055061
3055062
3055063
3055064
3055065
3055066
3055067
3055068
3055069
3055070
3055071
3055072
3055073
3055074
3055075
3055076
3055077
3055078
3055079
3055080
3055081
3055082
3055083
3055084
3055085
3055086
3055087
3055088
3055089
3055090
3055091
3055093
3055095
3055096
3055098
3055099
3055100
3055101
3055102
3055103
3055104
3055105
3055106
3055107
3055108
3055109
3055110
3055111
3055112
3055113
3055114
3055115
3055116
3055117
3055118
3055119
3055120
3055121
3055122
3055123
3055124
3055125
3055126
3055129
3055134
3055135
3055136
3055137
3055138
3055139
3055140
3055141
3055142
3055144
3055145
3055146
3038361
3038362
3038363
3038364
3038365
3038366
3038367
3038368
3038369
3038370
3038371
3038372
3038373
3038374
3038375
3038376
3038377
3038378
3038379
3038380
3038381
3038382
3038383
3038384
3038385
3038386
3038387
3038388
3038389
3038390
3038391
3038392
3038393
3038394
3038395
3038396
3038397
3038398
3038399
3038400
3038401
3038402
3038403
3038404
3038405
3038406
3038407
3038408
3038409
3038410
3038411
3038412
3038413
3038414
3038415
3038416
3038417
3038418
3038419
3038420
3038421
3038422
3038423
3038424
3038425
3038426
3038427
3038428
3038430
3038433
3038434
3038435
3038436
3038437
3038438
3038559
3038560
3038561
3038562
3038563
3038564
3038565
3038566
3038567
3038568
3038569
3038570
3038571
3038572
3038573
3038574
3038575
3038576
3038577
3038578
3038579
3038580
3038581
3038582
3038583
3038584
3038585
3038586
3038587
3038588
3038589
3038590
3038591
3038592
3038593
3038594
3038595
3038596
3038597
3038598
3038599
3038600
3038601
3038602
3038603
3038604
3038605
3038606
3038607
3038608
3038609
3038610
3038611
3038612
3038613
3038614
3038615
3038616
3038617
3038618
3038619
3038620
3038621
3038622
3038623
3038625
3038627
3038181
3038182
3038183
3038184
3038185
3038186
3038187
3038188
3038189
3038190
3038191
3038192
3038193
3038194
3038195
3038196
3038197
3038198
3038199
3038200
3038201
3038202
3038203
3038204
3038205
3038206
3038207
3038208
3038209
3038210
3038211
3038212
3038213
3038214
3038215
3038216
3038217
3038218
3038219
3038220
3038221
3038222
3038223
3038224
3038225
3038226
3038227
3038228
3038229
3038230
3038231
3038232
3038233
3038234
3038235
3038236
3038237
3038238
3038239
3038240
3038241
3038242
3038243
3038244
3038245
3038246
3038248
3038250
3038739
3038740
3038741
3038742
3038743
3038744
3038745
3038746
3038747
3038748
3038749
3038750
3038752
3038753
3038754
3038755
3038756
3038757
3038758
3038759
3038760
3038761
3038762
3038763
3038764
3038765
3038766
3038767
3038768
3038769
3038770
3038771
3038772
3038773
3038774
3038775
3038776
3038777
3038778
3038779
3038780
3038781
3038782
3038783
3038784
3038785
3038786
3038787
3038788
3038789
3038790
3038791
3038792
3038793
3038794
3038795
3038796
3038797
3038798
3038799
3038800
3038801
3038803
2950168
2950169
2950170
2950171
2950172
2950173
2950174
2950175
2950176
2950177
2950178
2950179
2950180
2950181
2950182
2950183
2950184
2950185
2950186
2950187
2950188
2950189
2950190
2950191
2950192
2950193
2950194
2950195
2950196
2950197
2950198
2950199
2950200
2950201
2950202
2950203
2950204
2950205
2950206
2950207
2950208
2950209
2950210
2950211
2950212
2950213
2950214
2950215
2950216
2950217
2950218
2950219
2950220
2950221
2950222
2950223
2950224
2950225
2950226
2950227
2950228
2950229
2950230
2950231
2950232
2950233
2950234
2950235
2950236
2950237
2950238
2950239
2950240
2950241
2950242
2950243
2950244
2950245
2950246
2950247
2950248
2950249
2950250
2950251
2950252
2950253
2950254
2950255
2950256
2950257
2950258
2950259
2950260
2950261
2950262
2950263
2950264
2950265
2950266
2950267
2950268
2950269
2950270
2950271
2950272
2950273
2950274
2950275
2950276
2950277
2950278
2950279
2950280
2950281
2950282
2950283
2950284
2950285
2950286
2950287
2950288
2950289
2950290
2950291
2950292
2950293
2950294
2950295
2950296
2950297
2950298
2950299
2950300
2950301
2950302
2950303
2950304
2950305
2950306
2950307
2950308
2950309
2950310
2950311
2950312
2950313
2950314
2950315
2950316
2950317
2950318
2950319
2950320
2950321
2950322
2950323
2950324
2950325
2950326
2950327
2950328
2950329
2950330
2950331
2950332
2950333
2950334
2950335
2950336
2950337
2950338
2950339
2950340
2950341
2950342
2950343
2950344
2950345
2950346
2950347
3042798
3042799
3042800
3042801
3042802
3042803
3042804
3042805
3042806
3042807
3042808
3042809
3042810
3042811
3042812
3042813
3042814
3042815
3042816
3042817
3042818
3042819
3042820
3042821
3042822
3042823
3042824
3042825
3042826
3042827
3042828
3042829
3042830
3042831
3042832
3042833
3042834
3042835
3042836
3042837
3042838
3042839
3042840
3042841
3042842
3042844
3042845
3042846
3042847
3042848
3042849
3042850
3042851
3042852
3042853
3042854
3042856
3042857
3042858
3042859
3042860
3042861
3042862
3042863
3042864
3042865
3042866
3042867
3042868
3042869
3042870
3042871
3042872
3042873
3042874
3042875
3042876
3042877
3042878
3042881
3042882
3042883
3042884
3042886
3042887
3111700
3111701
3111702
3111703
3111704
3111705
3111706
3111707
3111708
3111709
3111710
3111711
3111712
3111713
3111714
3111715
3111716
3111717
3111718
3111719
3111720
3111721
3111722
3111723
3111724
3111725
3111726
3111727
3111728
3111729
3111730
3111731
3111732
3111733
3111734
3111735
3111736
3111737
3111738
3111739
3111740
3111741
3111742
3111743
3111744
3111745
3111746
3111747
3111748
3111749
3111750
3111751
3111752
3111753
3111754
3111755
3111756
3111757
3111758
3111759
3111760
3111761
3111763
3111764
3111765
3111766
3111767
3111768
3111769
3111770
3111771
3111772
3111773
3111774
3111775
3111776
3111777
3111778
3111779
3111780
3111781
3111782
3111783
3111784
3111785
3111786
3111787
3111788
3111789
3111790
3111791
3111792
3111793
3111794
3111795
3111796
3111797
3111798
3111799
3111800
3111801
3111802
3111803
3111804
3111805
3111806
3111807
3111808
3111809
3111810
3111811
3111812
3111813
3111814
3111815
3111816
3111817
3111818
3111819
3122543
3122544
3122545
3122546
3122547
3122548
3122549
3122550
3122551
3122553
3122554
3122555
3122556
3122557
3122558
3122559
3122560
3122561
3122562
3122563
3122564
3122565
3122566
3122567
3122568
3122569
3122570
3122571
3122572
3122573
3122574
3122575
3122576
3122577
3122578
3122579
3122580
3122581
3122582
3122583
3122584
3122585
3122586
3122587
3122588
3122589
3122590
3122591
3122592
3122593
3122594
3122595
3122596
3122597
3122598
3122599
3122600
3122601
3122602
3122603
3122604
3122605
3122606
3122607
3122608
3122609
3122610
3122611
3122612
3122613
3122614
3122615
3122616
3122617
3122618
3122619
3122620
3122621
3122622
3122623
3122624
3122625
3122626
3122627
3122628
3122629
3122630
3122631
3122632
3122633
3122634
3122635
3122636
3122637
3122638
3122639
3122640
3122641
3122642
3122643
3122644
3122645
3122646
3122647
3122648
3122649
3122650
3122651
3122652
3122653
3122654
3122655
3122656
3122657
3122658
3122659
3122660
3122661
3122662
3058810
3058811
3058812
3058813
3058814
3058815
3058816
3058817
3058818
3058819
3058820
3058821
3058822
3058823
3058824
3058825
3058826
3058827
3058828
3058829
3058830
3058831
3058832
3058833
3058834
3058835
3058836
3058837
3058838
3058839
3058840
3058841
3058842
3058843
3058844
3058845
3058846
3058847
3058848
3058849
3058850
3058851
3058852
3058853
3058854
3058855
3058856
3058857
3058858
3058859
3058860
3058861
3058862
3058863
3058864
3058865
3058866
3058867
3058868
3058869
3058870
3058871
3058872
3058873
3058874
3058875
3058876
3058877
3058878
3058879
3058880
3058881
3058882
3058883
3058884
3058885
3058886
3058887
3058888
3058889
3058890
3058891
3058892
3058893
3058894
3058895
3058896
3058897
3058898
3058899
3058900
3058902
3058903
3058904
3058905
3058906
3058907
3058908
3058909
3058910
3058911
3058912
3058913
3058914
3058915
3058916
3058917
3058918
3058919
3058920
3058921
3058922
3058923
3058924
3058925
3058926
3058927
3058928
3058929
3058930
3058931
3058932
3058933
3058934
3058935
3058936
3058937
3058938
3059913
3059914
3059915
3059916
3059917
3059918
3059919
3059920
3059921
3059922
3059923
3059924
3059925
3059926
3059927
3059928
3059929
3059930
3059931
3059932
3059933
3059934
3059935
3059936
3059937
3059938
3059939
3059940
3059941
3059942
3059943
3059944
3059945
3059946
3059947
3059948
3059949
3059950
3059951
3059952
3059953
3059954
3059955
3059956
3059957
3059958
3059959
3059960
3059961
3059962
3059963
3059964
3059965
3059966
3059967
3059968
3059969
3059970
3059971
3059972
3059973
3059974
3059975
3059976
3059977
3059978
3059979
3059980
3059981
3059982
3059983
3059984
3059985
3059986
3059987
3059988
3059989
3059990
3059991
3059992
3059993
3059994
3059995
3059996
3059997
3059998
3059999
3060000
3060001
3060002
3060003
3060004
3060005
3060006
3060007
3060008
3060010
3060011
3060012
3060013
3060014
3060015
3060016
3060017
3060018
3060019
3060020
3060021
3060022
3060023
3060024
3060025
3060026
3060027
3060028
3060029
3060030
3060031
3060032
3060033
3060034
3060035
3060036
3060037
3060038
3060039
3060040
3060041
3060042
3060043
3060044
3060045
3060046
3060047
3060048
3060049
3060050
3060051
3060052
3060053
3060054
3060055
3060056
3060057
3060058
3060059
3060060
3060061
3060062
3060063
3060064
3060065
3060066
3060067
3060068
3060069
3060070
3060071
3060072
3060073
3060074
3060075
3060076
3060077
3060078
3060079
3060080
3060081
3060082
3060083
3060084
3060085
3060086
3060087
3060088
3047020
3047021
3047022
3047023
3047024
3047025
3047026
3047027
3047028
3047029
3047030
3047031
3047032
3047033
3047034
3047035
3047036
3047037
3047038
3047039
3047040
3047041
3047042
3047043
3047044
3047045
3047046
3047047
3047048
3047049
3047050
3047051
3047052
3047053
3047054
3047055
3047056
3047057
3047058
3047059
3047060
3047061
3047062
3047063
3047064
3047065
3047066
3047067
3047068
3047069
3047070
3047071
3047072
3047073
3047074
3047075
3047076
3047077
3047078
3047079
3047080
3047081
3047082
3047083
3047084
3047085
3047086
3047087
3047088
3047089
3047090
3047091
3047092
3047093
3047094
3047095
3047096
3047097
3047098
3047099
3047100
3047101
3047102
3047103
3047104
3047105
3047106
3047107
3047108
3047109
3047110
3047111
3047112
3047113
3047114
3047115
3047116
3047117
3047118
3047327
3047328
3047329
3047330
3047331
3047332
3047333
3047334
3047335
3047336
3047337
3047338
3047339
3047340
3047341
3047342
3047343
3047344
3047345
3047346
3047347
3047348
3047349
3047350
3047351
3047352
3047353
3047354
3047355
3047356
3047357
3047358
3047359
3047360
3047361
3047362
3047363
3047364
3047365
3047366
3047367
3047368
3047369
3047370
3047371
3047372
3047373
3047374
3047375
3047376
3047377
3047378
3047379
3047380
3047381
3047382
3047383
3047384
3047385
3047386
3047387
3047388
3047389
3047390
3047391
3047392
3047393
3047394
3047395
3047396
3047397
3047398
3047399
3047400
3047401
3047402
3047403
3047404
3047405
3047406
3047407
3047408
3047409
3047410
3047411
3047412
3047413
3047414
3047415
3047416
3047417
3047418
3047419
3047420
3047421
3047422
3047423
3047424
3047425
3047426
3047427
3047428
3047429
3047430
3047431
3047432
3047433
3047434
3047435
3047436
3047437
3047438
3047439
3047440
3047441
3047442
3047443
3053138
3053139
3053140
3053141
3053142
3053143
3053144
3053145
3053146
3053147
3053148
3053149
3053150
3053151
3053152
3053153
3053154
3053155
3053156
3053157
3053158
3053159
3053160
3053161
3053162
3053163
3053164
3053165
3053166
3053167
3053168
3053169
3053170
3053171
3053172
3053173
3053174
3053175
3053176
3053177
3053178
3053179
3053180
3053181
3053182
3053183
3053184
3053185
3053186
3053187
3053188
3053189
3053190
3053191
3053192
3053193
3053194
3053195
3053196
3053197
3053198
3053200
3053201
3053202
3053203
3053204
3053205
3053206
3053207
3053208
3053209
3053210
3053211
3053212
3053213
3053214
3053215
3053216
3053217
3053218
3053219
3053220
3053221
3053222
3053223
3053224
3053225
3053226
3053227
3053228
3053229
3053230
3053231
3053232
3053233
3053234
3053235
3053236
3053237
3053238
3053239
3053240
3053241
3053242
3053243
3053244
3053245
3053246
3053247
3053248
3053249
3053250
3053251
3053252
3053253
3053254
3053255
3053256
3053257
3053258
3053259
3053260
3053261
3053262
3053263
3053264
3053265
3053266
3053267
3053268
3053269
3053270
3053271
3053272
3053273
3053274
3053275
3053276
3053277
3053278
3053279
3053280
3053281
3053282
3053283
3053284
3053285
3053286
3053287
3030547
3030548
3030549
3030550
3030551
3030552
3030553
3030554
3030555
3030556
3030557
3030558
3030559
3030560
3030561
3030562
3030563
3030564
3030565
3030566
3030567
3030568
3030569
3030570
3030571
3030572
3030573
3030574
3030575
3030576
3030577
3030578
3030579
3030580
3030581
3030582
3030583
3030584
3030585
3030586
3030587
3030588
3030589
3030590
3030591
3030592
3030593
3030594
3030595
3030596
3030597
3030598
3030599
3030600
3030601
3030602
3030603
3030604
3030605
3030606
3030607
3030608
3030609
3030610
3030611
3030612
3030613
3030614
3030615
3030616
3030617
3030618
3030619
3030620
3030621
3030622
3030623
3030624
3030625
3030626
3030627
3030628
3030629
3030630
3030631
3030632
3030633
3030634
3030635
3030637
3030638
3030639
3030640
3030641
3030642
3030643
3030644
3030645
3030646
3030647
3030648
3030649
3030650
3030651
3030652
3030653
3030654
3030655
3030656
3030657
3030659
3030660
3030661
3030662
3030663
3030664
3030665
3030666
3030667
3030668
3030669
3030670
3030671
3030672
3030673
3030674
3030675
3030676
3031016
3031017
3031018
3031019
3031020
3031021
3031022
3031023
3031024
3031025
3031026
3031027
3031028
3031029
3031030
3031031
3031032
3031033
3031034
3031035
3031036
3031037
3031038
3031039
3031040
3031041
3031042
3031043
3031044
3031045
3031046
3031047
3031048
3031049
3031050
3031051
3031052
3031053
3031054
3031055
3031056
3031057
3031058
3031059
3031060
3031061
3031062
3031063
3031064
3031065
3031066
3031067
3031068
3031069
3031070
3031071
3031072
3031073
3031074
3031075
3031076
3031077
3031078
3031079
3031080
3031081
3031082
3031083
3031084
3031085
3031086
3031087
3031088
3031089
3031090
3031091
3031092
3031093
3031094
3031095
3031096
3031097
3031098
3031099
3031100
3031101
3031102
3031103
3031104
3031105
3031106
3031107
3031108
3031109
3031110
3031111
3031112
3031113
3031114
3031115
3031116
3031117
3031118
3031119
3031120
3031121
3031122
3031123
3031124
3031125
3031126
3031127
3031128
3031129
3031130
3031131
3031132
3031133
3031134
3031135
3031136
3031137
3031138
3031139
3031140
3031141
3031142
3031143
3031144
3031145
3031146
3031147
3031148
3031149
3031150
3031151
3031152
3031153
3031154
3031155
3073147
3073148
3073149
3073150
3073151
3073152
3073153
3073154
3073155
3073156
3073157
3073158
3073159
3073160
3073161
3073162
3073163
3073164
3073165
3073166
3073167
3073168
3073169
3073170
3073171
3073172
3073173
3073174
3073175
3073176
3073177
3073178
3073179
3073180
3073181
3073182
3073183
3073184
3073185
3073186
3073187
3073188
3073189
3073190
3073191
3073192
3073193
3073194
3073195
3073196
3073197
3073198
3073199
3073200
3073201
3073202
3073203
3073204
3073205
3073206
3073207
3073208
3073209
3073210
3073211
3073212
3073213
3073214
3073215
3073216
3073217
3073218
3073219
3073220
3073221
3073222
3073223
3073224
3073225
3073226
3073227
3073228
3073229
3073230
3073231
3073232
3073233
3073234
3073235
3073236
3073237
3073238
3073239
3073240
3073241
3073242
3073243
3073244
3073245
3073246
3073247
3073248
3073249
3073250
3073251
3073252
3073253
3073254
3073255
3073256
3073257
3073258
3073259
3073260
3073261
3073262
3073263
3064644
3064645
3064646
3064647
3064648
3064649
3064650
3064651
3064652
3064653
3064654
3064655
3064656
3064657
3064658
3064659
3064660
3064661
3064662
3064663
3064664
3064665
3064666
3064667
3064668
3064669
3064670
3064671
3064672
3064673
3064674
3064675
3064676
3064677
3064678
3064679
3064680
3064681
3064682
3064683
3064684
3064685
3064686
3064687
3064688
3064689
3064690
3064691
3064692
3064693
3064694
3064695
3064696
3064697
3064698
3064699
3064700
3064701
3064702
3064703
3064704
3064705
3064706
3064707
3064708
3064709
3064710
3064711
3064712
3064713
3064714
3064715
3064716
3064717
3064718
3064719
3064720
3064721
3064722
3064723
3064724
3064725
3064726
3064727
3064728
3064729
3064730
3064731
3064732
3064733
3064734
3064735
3064736
3064737
3064738
3064739
3064740
3064741
3064742
3065081
3065082
3065083
3065084
3065085
3065086
3065087
3065088
3065089
3065090
3065091
3065092
3065093
3065094
3065095
3065096
3065097
3065098
3065099
3065100
3065101
3065102
3065104
3065105
3065106
3065107
3065108
3065109
3065110
3065111
3065112
3065113
3065114
3065115
3065116
3065117
3065118
3065119
3065120
3065121
3065122
3065123
3065124
3065125
3065126
3065127
3065128
3065129
3065130
3065131
3065132
3065133
3065134
3065135
3065136
3065137
3065138
3065139
3065140
3065141
3065142
3065143
3065144
3065145
3065146
3065147
3065148
3065149
3065150
3065151
3065152
3065153
3065154
3065155
3065156
3065157
3065158
3065159
3065160
3065161
3065162
3065163
3065164
3065165
3065166
3065167
3065168
3065169
3065170
3065199
3065205
3032053
3032054
3032055
3032056
3032057
3032058
3032059
3032060
3032061
3032062
3032063
3032064
3032065
3032066
3032067
3032068
3032069
3032070
3032071
3032072
3032073
3032074
3032075
3032076
3032077
3032078
3032079
3032080
3032081
3032082
3032083
3032084
3032085
3032086
3032087
3032088
3032089
3032090
3032091
3032092
3032093
3032094
3032095
3032096
3032097
3032098
3032099
3032100
3032101
3032102
3032103
3032104
3032105
3032106
3032107
3032108
3032109
3032110
3032111
3032112
3032113
3032114
3032115
3032116
3032117
3032118
3032119
3032120
3032121
3032122
3032123
3032124
3032125
3032126
3032127
3032128
3032129
3032130
3032131
3032132
3032133
3032134
3032135
3032136
3032137
3032138
3032139
3032140
3032141
3032142
3032143
3032144
3032145
3032146
3032147
3032148
3032149
3032150
3032151
3032152
3032153
3032154
3032155
3032156
3032157
3032158
3032159
3032160
3032161
3032162
3032163
3032164
3032165
3032166
3032167
3032168
3032169
3031673
3031674
3031675
3031676
3031677
3031679
3031680
3031681
3031682
3031683
3031684
3031685
3031686
3031687
3031688
3031689
3031690
3031691
3031692
3031693
3031694
3031695
3031696
3031697
3031698
3031699
3031700
3031701
3031702
3031703
3031704
3031705
3031706
3031707
3031708
3031709
3031710
3031711
3031712
3031713
3031714
3031715
3031716
3031717
3031718
3031719
3031720
3031721
3031722
3031723
3031724
3031725
3031726
3031727
3031728
3031729
3031730
3031731
3031732
3031733
3031734
3031735
3031736
3031737
3031738
3031739
3031740
3031741
3031742
3031743
3031744
3031745
3031746
3031747
3031748
3031749
3031750
3031751
3031752
3031753
3031754
3031755
3031756
3031757
3031758
3031759
3031760
3031761
3031762
3031763
3031764
3031765
3031766
3031767
3031768
3031769
3031770
3031771
3031772
3031773
3031774
3031775
3031776
3031777
3031778
3031779
3031780
3031781
3031782
3031783
3031784
3031785
3031786
3031787
3031788
3031789
3031790
3031791
3031792
3031793
3031794
3031795
3031796
3031797
3031798
3031799
3031800
3031801
3031802
3031803
3031804
3031805
3031806
3031807
3031808
3031809
3031810
3031811
3031812
3031813
3031814
3031815
3031816
3031817
3031818
3031871
3034837
3034838
3034839
3034840
3034841
3034842
3034843
3034844
3034845
3034846
3034847
3034848
3034849
3034850
3034851
3034852
3034853
3034854
3034855
3034856
3034857
3034858
3034859
3034860
3034861
3034862
3034863
3034864
3034865
3034866
3034867
3034868
3034869
3034870
3034871
3034872
3034873
3034874
3034875
3034876
3034877
3034878
3034879
3034880
3034881
3034882
3034883
3034884
3034885
3034886
3034887
3034888
3034889
3034891
3034892
3034893
3034894
3034895
3034896
3034897
3034898
3034899
3034900
3034901
3034902
3034903
3034904
3034905
3034906
3034907
3034908
3034909
3034910
3034911
3034912
3034913
3034914
3034915
3034916
3034917
3034918
3034919
3034920
3040372
3040373
3040374
3040375
3040376
3040377
3040378
3040379
3040380
3040381
3040382
3040383
3040384
3040385
3040386
3040387
3040388
3040389
3040390
3040391
3040392
3040393
3040394
3040395
3040396
3040397
3040398
3040399
3040400
3040401
3040402
3040403
3040404
3040405
3040406
3040407
3040408
3040409
3040410
3040411
3040412
3040413
3040414
3040415
3040416
3040417
3040418
3040419
3040420
3040421
3040422
3040423
3040424
3040425
3040426
3040427
3040428
3040429
3040430
3040431
3040432
3040433
3040434
3040435
3040436
3040437
3040438
3040439
3040440
3040441
3040442
3040443
3040444
3040445
3040446
3040447
3040448
3040449
3040450
3040451
3040452
3040453
3040454
3040455
3040456
3040457
3040458
3040459
3040460
3040461
3040462
3040463
3040464
3040465
3040466
3040467
3040468
3040469
3040470
3040471
3040472
3040473
3040474
3040475
3040476
3040477
3040478
3040479
3040480
3040481
3040482
3040483
3026880
3026881
3026882
3026883
3026884
3026885
3026886
3026887
3026888
3026889
3026890
3026891
3026892
3026893
3026894
3026895
3026896
3026897
3026898
3026899
3026900
3026901
3026902
3026903
3026904
3026905
3026906
3026907
3026908
3026909
3026910
3026911
3026912
3026913
3026914
3026915
3026916
3026917
3026918
3026919
3026920
3026921
3026922
3026923
3026924
3026925
3026926
3026927
3026928
3026930
3026931
3026932
3026933
3026934
3026935
3026936
3026937
3026938
3026939
3026940
3026941
3026942
3026943
3026944
3026945
3026946
3026947
3026948
3026949
3026950
3026951
3026952
3026953
3026954
3026955
3026956
3026957
3026958
3026959
3026960
3026961
3026962
3026963
3026964
3026965
3026966
3026967
3026968
3026969
3026970
3026971
3026972
3026973
3026974
3026975
3026976
3026977
3026978
3026979
3026980
3026981
3026982
3026983
3026984
3026985
3026986
3026987
3026988
3026989
3026990
3026991
2951376
2951377
2951378
2951379
2951380
2951381
2951382
2951383
2951384
2951385
2951386
2951387
2951388
2951389
2951390
2951391
2951392
2951393
2951394
2951395
2951396
2951397
2951398
2951399
2951400
2951401
2951402
2951403
2951404
2951405
2951406
2951407
2951408
2951409
2951410
2951411
2951412
2951413
2951414
2951415
2951416
2951417
2951418
2951419
2951420
2951421
2951422
2951423
2951424
2951425
2951426
2951427
2951428
2951429
2951430
2951431
2951432
2951433
2951434
2951435
2951436
2951437
2951438
2951439
2951440
2951441
2951442
2951443
2951444
2951445
2951446
2951447
2951448
2951449
2951450
2951451
2951452
2951453
2951454
2951455
2951456
2951457
2951458
2951459
2951460
2951461
2951462
2951463
2951464
2951465
2951466
2951467
2951468
2951469
2951470
2951471
2951472
2951473
2951474
2951475
2951476
2951477
2951478
2951479
2951480
2951481
2951482
2951483
2951484
2951485
2951486
2951487
2951488
2951489
2951490
2951491
2951492
2951493
2951494
2951495
2951496
2951497
2951498
2951499
2951500
2951501
2951502
2951503
2951504
2951505
2951506
2951507
2951508
2951509
2951510
2951511
2951512
2951513
2951514
2951515
2951516
2951517
2951518
2951519
2951520
2951521
2951522
2951523
2951524
2951525
2951526
2951527
2951528
2951529
2951530
2951531
2951532
2951533
2951534
2951535
2951536
2951537
2951538
2951539
2951540
2951541
2951542
2951543
2951544
2951545
2951546
2951547
2951548
2951549
2951550
2951551
2951552
2951553
2951554
2951555
2951556
2951557
2951558
2951559
2951560
2951561
2951562
2951563
2951564
2951565
2951566
2951567
2951568
2951569
2951570
2951571
2951572
2951573
2951574
2951575
2951576
2951577
2951578
2951579
2951580
2951581
2951582
2951583
2951584
2951585
2951586
2951587
2951588
2951589
2951590
2951591
2951592
2951593
2951594
2951595
2951596
2951597
2951598
2951599
2947130
2947131
2947132
2947133
2947134
2947135
2947136
2947137
2947138
2947139
2947140
2947141
2947142
2947143
2947144
2947145
2947146
2947147
2947148
2947149
2947150
2947151
2947152
2947153
2947154
2947155
2947156
2947157
2947158
2947159
2947160
2947161
2947162
2947163
2947164
2947165
2947166
2947167
2947168
2947169
2947170
2947171
2947172
2947173
2947174
2947175
2947176
2947177
2947178
2947179
2947180
2947181
2947182
2947183
2947184
2947185
2947186
2947187
2947188
2947189
2947190
2947191
2947192
2947193
2947194
2947195
2947196
2947197
2947198
2947199
2947200
2947201
2947202
2947203
2947204
2947205
2947206
2947207
2947208
2947209
2947210
2947211
2947212
2947213
2947214
2947215
2947216
2947217
2947218
2947219
2947220
2947221
2947222
2947223
2947224
2947225
2947226
2947227
2947228
2947229
2947230
2947231
2947232
2947233
2947234
2947235
2947236
2947237
2947238
2947239
2947240
2947241
2947242
2947243
2947244
2947245
2947246
2947247
2947248
2947249
2947250
2947251
2947252
2947253
2947254
2947255
2947256
2947257
2947258
2947259
2947260
2947261
2947262
2947263
2947264
2947265
2947266
2947267
2947268
2947269
2947270
2947271
2947272
2947273
2947274
2947275
2947276
2947277
2947278
2947279
2947280
2947281
2947282
2947283
2947284
2947285
2947286
2947287
2947289
2947290
2947291
2947292
2947293
2947294
2947295
2947296
2947297
2947298
2947299
2947300
2947301
2947302
2947303
2947304
2947305
2947306
2947307
2947308
2947309
2947310
2947311
2947312
2947313
2947314
2947315
2947316
2947317
2947318
2947319
2947320
2947321
2947322
2947323
2947324
2947325
2947326
2947327
2947328
2947329
2947330
2947331
2947332
2947333
2947334
2947335
2947336
2947337
2947338
2947339
2947340
2947341
2947342
2947343
2947344
2947345
2947346
2947347
2947348
2947349
2947350
2947351
2947352
2947353
2947354
2947355
2947356
2947357
2947358
2947359
2947360
2947361
2947362
2947363
2947364
2947365
2947366
2947367
2947368
2947369
2967551
2967552
2967553
2967554
2967555
2967556
2967557
2967558
2967559
2967560
2967561
2967562
2967563
2967564
2967565
2967566
2967567
2967568
2967569
2967570
2967571
2967572
2967573
2967574
2967575
2967576
2967577
2967578
2967579
2967580
2967581
2967582
2967583
2967584
2967585
2967587
2967588
2967589
2967590
2967591
2967592
2967593
2967594
2967595
2967596
2967597
2967598
2967599
2967600
2967601
2967602
2967603
2967604
2967605
2967606
2967607
2967608
2967609
2967610
2967611
2967612
2967613
2967614
2967615
2967616
2967617
2967618
2967619
2967620
2967621
2967622
2967623
2967624
2967625
2967626
2967627
2967628
2967629
2967630
2967631
2967632
2967633
2967634
2967635
2967636
2967637
2967638
2967639
2967640
2967641
2967642
2967643
2967644
2967645
2967646
2967647
2967648
2967649
2967650
2967651
2967652
2967653
2967654
2967655
2967656
2967657
2967658
2967659
2967660
2967661
2967662
2967663
2967664
2967665
2967666
2967667
2967668
2967669
2967670
2967671
2967672
2967673
2967674
2967675
2967676
2967677
2967679
2967680
2967681
2967682
3050137
3050138
3050139
3050140
3050141
3050142
3050143
3050144
3050145
3050146
3050147
3050148
3050149
3050150
3050151
3050152
3050155
3050156
3050157
3050158
3050159
3050160
3050161
3050162
3050163
3050164
3050165
3050166
3050167
3050169
3050170
3050171
3050173
3050174
3050175
3050176
3050178
3050179
3050180
3050181
3050182
3050183
3050184
3050185
3050186
3050187
3050188
3050189
3050190
3050191
3050192
3050193
3050194
3050195
3050196
3050197
3050198
3050199
3050200
3050201
3050202
3050203
3050204
3050205
3050206
3050207
3050208
3050209
3050211
3050212
3050213
3050214
3050215
3050216
3050217
3050218
3050219
3050220
3050221
3050222
3050223
3050224
3050225
3050226
3050228
3050229
3050230
3050231
3050232
3050233
3050234
3050235
3050236
3050237
3050238
3050239
3050240
3050241
3050242
3050243
3050244
3050245
3050246
3050247
3050248
3050249
3050250
3050251
3050252
3050253
3050254
3050255
3050256
3050257
3050258
3050259
3036786
3036787
3036788
3036789
3036790
3036791
3036792
3036793
3036794
3036795
3036796
3036797
3036798
3036799
3036800
3036801
3036802
3036803
3036804
3036805
3036806
3036807
3036808
3036809
3036810
3036811
3036812
3036813
3036814
3036815
3036816
3036817
3036818
3036819
3036820
3036821
3036822
3036823
3036824
3036825
3036826
3036827
3036828
3036829
3036830
3036831
3036832
3036833
3036834
3036835
3036836
3036837
3036838
3036839
3036840
3036841
3036842
3036843
3036844
3036845
3036846
3036847
3036848
3036849
3036850
3036851
3036852
3036853
3036854
3036855
3036856
3036857
3036858
3036859
3036860
3036861
3036862
3036863
3036864
3036865
3036866
3036867
3036868
3036869
3036870
3036871
3036872
3036873
3036874
3036875
3036876
3036877
3036878
3036879
3036880
3036881
3036882
3036883
3036884
3036885
3036886
3036887
3036888
3036889
3036890
3036891
3036892
3036893
3036894
3036895
3036896
3036897
3036898
3036899
3036900
3036901
3036902
3036903
3036904
3036905
3036906
3036907
3036908
3036909
3036910
3036911
3036912
3036913
3029812
3029813
3029814
3029815
3029816
3029817
3029818
3029819
3029820
3029821
3029822
3029823
3029824
3029825
3029826
3029827
3029828
3029829
3029830
3029831
3029832
3029833
3029834
3029835
3029836
3029837
3029838
3029839
3029840
3029842
3029843
3029844
3029845
3029846
3029847
3029848
3029849
3029850
3029851
3029852
3029853
3029854
3029855
3029856
3029857
3029858
3029859
3029860
3029861
3029862
3029863
3029864
3029865
3029866
3029867
3029868
3029869
3029870
3029871
3029872
3029873
3029874
3029875
3029876
3029877
3029878
3029879
3029880
3029881
3029882
3029883
3029884
3029885
3029886
3025700
3025701
3025702
3025703
3025704
3025705
3025706
3025707
3025708
3025709
3025710
3025711
3025712
3025713
3025714
3025715
3025716
3025717
3025718
3025719
3025720
3025721
3025722
3025723
3025724
3025725
3025726
3025727
3025728
3025729
3025730
3025731
3025732
3025733
3025734
3025735
3025736
3025737
3025738
3025739
3025740
3025741
3025742
3025743
3025744
3025745
3025746
3025747
3025748
3025749
3025750
3025751
3025752
3025753
3025754
3025755
3025756
3025757
3025758
3025759
3025760
3025761
3025762
3025763
3025764
3025765
3025766
3025767
3025768
3025769
3025770
3025771
3025772
3025773
3025774
3025775
3025776
3025777
3025778
3025779
3025780
3025782
3025783
3025784
3025785
3025786
3025787
3025788
3025789
3025790
3025791
3025792
3025793
3025794
3025795
3025796
3025797
3025798
3025799
3025800
3025801
3025802
3025803
3025804
3025805
3025806
3025807
3025808
3025809
3025810
3025811
3025812
3025813
3025814
3025815
3025816
3025817
3025818
3025819
3027073
3027074
3027075
3027076
3027077
3027078
3027079
3027080
3027081
3027082
3027083
3027084
3027085
3027086
3027087
3027088
3027089
3027090
3027091
3027092
3027093
3027094
3027095
3027096
3027097
3027098
3027099
3027100
3027101
3027102
3027103
3027104
3027105
3027106
3027107
3027108
3027109
3027110
3027111
3027112
3027113
3027114
3027115
3027116
3027117
3027118
3027119
3027120
3027122
3027123
3027124
3027125
3027127
3027129
3027130
3027131
3027132
3027133
3027134
3027135
3027136
3027137
3027138
3027139
3027140
3027141
3027142
3027143
3027144
3027145
3027146
3027147
3027148
3027149
3027150
3027151
3027152
3027153
3027154
3027155
3027156
3027157
3027158
3027159
3027160
3027161
3027162
3027163
3027164
3027165
3027166
3027167
3027168
3027169
3027170
3027171
3027172
3027173
3027174
3027175
3027176
3027177
3027178
3027179
3027180
3027181
3027182
3027183
3027184
3027185
3027186
3027187
3027188
3027189
3027190
3027191
3027192
3027193
3027194
3027195
3027196
3027197
3027198
3027199
3027200
3027238
3027239
3037815
3037816
3037817
3037818
3037819
3037820
3037821
3037822
3037823
3037824
3037825
3037826
3037827
3037828
3037829
3037830
3037831
3037832
3037833
3037834
3037835
3037836
3037837
3037838
3037839
3037840
3037841
3037842
3037843
3037844
3037845
3037846
3037847
3037848
3037849
3037850
3037851
3037852
3037853
3037854
3037855
3037856
3037857
3037858
3037859
3037860
3037861
3037862
3037863
3037864
3037865
3037866
3037867
3037868
3037869
3037870
3037871
3037872
3037873
3037874
3037875
3037876
3037877
3037878
3037879
3037880
3037881
3037882
3037883
3037884
3081777
3081778
3081779
3081780
3081781
3081782
3081783
3081784
3081785
3081786
3081787
3081788
3081789
3081790
3081791
3081792
3081793
3081794
3081795
3081796
3081797
3081798
3081799
3081800
3081801
3081802
3081803
3081804
3081805
3081806
3081807
3081808
3081809
3081810
3081811
3081812
3081813
3081814
3081815
3081816
3081817
3081818
3081819
3081820
3081821
3081822
3081823
3081824
3081825
3081826
3081827
3081828
3081829
3081830
3081831
3081832
3081833
3081834
3081835
3081836
3081837
3081838
3081839
3081840
3081841
3081842
3081843
3081844
3081845
3081846
3081847
3081848
3081849
3081850
3081851
3081852
3081853
3081854
3081855
3081856
3081857
3081858
3081859
3081860
3081861
3081862
3081863
3081864
3081865
3081866
3081867
3081868
3081869
3081870
3081871
3081872
3081873
3081874
3081875
3051869
3051870
3051871
3051872
3051873
3051874
3051875
3051876
3051877
3051878
3051879
3051880
3051881
3051882
3051883
3051884
3051885
3051886
3051887
3051888
3051889
3051890
3051891
3051892
3051893
3051894
3051895
3051896
3051897
3051898
3051899
3051900
3051901
3051902
3051903
3051904
3051905
3051906
3051907
3051908
3051909
3051910
3051911
3051912
3051913
3051914
3051915
3051916
3051917
3051918
3051919
3051920
3051921
3051922
3051923
3051924
3051925
3051926
3051927
3051928
3051929
3051930
3051931
3051932
3051933
3051934
3051935
3051936
3051937
3051938
3048255
3048256
3048257
3048258
3048259
3048260
3048261
3048262
3048263
3048264
3048265
3048266
3048267
3048268
3048269
3048270
3048271
3048272
3048273
3048274
3048275
3048276
3048277
3048278
3048279
3048280
3048281
3048282
3048283
3048284
3048285
3048286
3048287
3048288
3048289
3048290
3048291
3048292
3048293
3048294
3048295
3048296
3048297
3048298
3048299
3048300
3048301
3048302
3048303
3048304
3048305
3048306
3048307
3048308
3048309
3048310
3048311
3048312
3048313
3048314
3048315
3048316
3048317
3048318
3048319
3048320
3048321
3048322
3048323
3048324
3048325
3048326
3048327
3048328
3048329
3048330
3048331
3048332
3048333
3048334
3048335
3048336
3048337
3048338
3048339
3048340
3048341
3048342
3048343
3048344
3048345
3048346
3048347
3048348
3048349
3048350
3048351
3048352
3048353
3048354
3048355
3048356
3048357
3048358
3048359
3048360
3048361
3048362
3048363
3048364
3048365
3048366
3032576
3032577
3032578
3032579
3032580
3032581
3032582
3032583
3032584
3032585
3032586
3032587
3032588
3032589
3032590
3032591
3032592
3032593
3032594
3032595
3032596
3032597
3032598
3032599
3032600
3032601
3032602
3032603
3032604
3032605
3032606
3032607
3032608
3032609
3032610
3032611
3032612
3032613
3032614
3032615
3032616
3032617
3032618
3032619
3032620
3032621
3032622
3032623
3032624
3032625
3032626
3032627
3032628
3032629
3032630
3032631
3032632
3032633
3032634
3032635
3032636
3032637
3032638
3032639
3032640
3032641
3032642
3032643
3032644
3032645
3032646
3032647
3032648
3032649
3032650
3032651
3032652
3032653
3032654
3032655
3032656
3032657
3032658
3032659
3032660
3032661
3032662
3032663
3032664
3032665
3030015
3030016
3030017
3030018
3030019
3030020
3030021
3030022
3030023
3030024
3030025
3030026
3030027
3030028
3030029
3030030
3030031
3030032
3030033
3030034
3030035
3030036
3030037
3030038
3030039
3030040
3030041
3030042
3030043
3030044
3030045
3030046
3030047
3030048
3030049
3030050
3030051
3030052
3030053
3030054
3030055
3030056
3030058
3030059
3030061
3030062
3030063
3030064
3030065
3030066
3030067
3030068
3030069
3030070
3030071
3030072
3030073
3030074
3030075
3030076
3030077
3030078
3030079
3030080
3030081
3030082
3030083
3030084
3030085
3030086
3030087
3030088
3030089
3030090
3030091
3030092
3030093
3030094
3030095
3030096
3030097
3030098
3030099
3030100
3030101
3030102
3030103
3030104
3030105
3030106
3030107
3030108
3030109
3030110
3030111
3030112
3030113
3030114
3030115
3030116
3030117
3030118
3030119
3030120
3030121
3030122
3030123
3030124
3030125
3030126
3030127
3030128
3030129
3030130
3030131
3030132
3030133
3030134
3030135
3030137
3030138
3030139
3030140
3030141
3030142
2988916
2988917
2988918
2988919
2988920
2988921
2988922
2988923
2988924
2988925
2988926
2988927
2988928
2988929
2988930
2988931
2988932
2988933
2988934
2988935
2988936
2988937
2988938
2988939
2988940
2988941
2988942
2988943
2988944
2988945
2988946
2988947
2988948
2988949
2988950
2988951
2988952
2988953
2988954
2988955
2988956
2988957
2988958
2988959
2988960
2988961
2988962
2988963
2988964
2988965
2988966
2988967
2988968
2988969
2988970
2988971
2988972
2988973
2988974
2988975
2988976
2988977
2988978
2988979
2988980
2988981
2988982
2988983
2988984
2988985
2988986
2988987
2988988
2988989
2988990
2988991
2988992
2988993
2988994
2988995
2988996
2988997
2988998
2988999
2989000
2989001
2989002
2989003
2989004
2989005
2989006
2989007
2989008
2989009
2989010
2989011
2989012
2989013
2989014
2989015
2989016
2989017
2989018
2989019
2989020
2989021
2989022
2989023
2989024
2989025
2989026
2989027
2989028
2989029
2989030
2989031
2989032
2989033
2989034
2989035
2989036
2989037
2989038
2989039
2989040
2989041
2989042
2989043
2989044
2989045
2989046
2989047
2989048
2989049
2989050
2989051
2989052
2989053
2989054
2989055
2989056
2989057
2989058
2989059
2989060
2989061
2989062
2989063
2989064
2989065
2989066
2989067
2989068
2989069
2989070
2989071
2989072
2989073
2989074
2989075
2989076
2989077
2989078
2989079
2989080
2989081
2989082
2989083
2989084
2989085
2989086
2989087
2989088
2989089
2989090
2989091
2989092
2989093
2989094
2989095
2989096
2989097
2989098
2989099
2989100
2989101
2989102
2989103
2989104
2989105
2989106
2989107
2989108
2989109
2989110
2989111
2989112
2989113
2989114
2989115
2989116
2989117
2989119
2989120
2989121
2989122
2989123
2989124
2989125
2989126
2989127
2989128
2989129
2989130
2989131
2989132
2989133
2989134
2989135
2989136
2989137
2989138
2989139
2989140
2989141
2989142
2989143
2989144
2989145
2989146
2989147
2989148
2989149
2989150
2989151
2989152
2989153
2989154
2989155
2989156
2989157
2989158
2989159
2989160
2989161
2989162
2989163
2989164
2989165
2989166
2989167
2989168
2989169
2989170
2989171
2989172
2989173
2989174
2989175
2989176
2989177
2989178
2989179
2989180
2989181
2989182
2989183
2989184
2989185
2989186
2989187
2989188
2989189
2989190
2989191
2989192
2989193
2989194
2989195
2989196
2989197
2989198
2989199
2989200
2989201
2989202
2989203
2989204
2989205
2989206
2989207
2989208
2989209
2989210
2989211
2989212
2989213
2989214
2989215
2989216
2989217
2989218
2989219
2989220
2989221
2989222
2989223
2989224
2989225
2989226
2989227
2989228
2989229
2989230
2989231
2989232
2989233
2989234
2989235
2989236
2989237
2989238
2989239
2989240
2989241
2989242
2989243
2989244
2989245
2989251
2987874
2987875
2987876
2987877
2987878
2987879
2987880
2987881
2987882
2987883
2987884
2987885
2987886
2987887
2987888
2987889
2987890
2987891
2987892
2987893
2987894
2987895
2987896
2987897
2987898
2987899
2987900
2987901
2987902
2987903
2987904
2987905
2987906
2987907
2987908
2987909
2987910
2987911
2987912
2987913
2987914
2987915
2987916
2987917
2987918
2987919
2987920
2987921
2987922
2987923
2987924
2987925
2987926
2987927
2987928
2987929
2987930
2987931
2987932
2987933
2987934
2987935
2987936
2987937
2987938
2987939
2987940
2987941
2987942
2987943
2987944
2987945
2987946
2987947
2987948
2987949
2987950
2987951
2987952
2987953
2987954
2987955
2987956
2987957
2987958
2987959
2987960
2987961
2987962
2987963
2987964
2987965
2987966
2987967
2987968
2987969
2987970
2987971
2987972
2987973
2987974
2987975
2987976
2987977
2987978
2987979
2987980
2987981
2987982
2987983
2987984
2987985
2987986
2987987
2987988
2987989
2987990
2987991
2987992
2987993
2987994
2987995
2987996
2987997
2987998
2987999
2988000
2988001
2988002
2988003
2988004
2988005
2988006
2988007
2988008
2988009
2988010
2988011
2988012
2988013
2988014
2988015
2988016
2988017
2988018
2988019
2988020
2988021
2988022
2988023
2988024
2988025
2988026
2988027
2988028
2988029
2988030
2988031
2988032
2988033
2988034
2988035
2988036
2988037
2988038
2988039
2988040
2988041
2988042
2988043
2988044
2988045
2988046
2988047
2988048
2988049
2988050
2988051
2988052
2988053
2988054
2988055
2988056
2988057
2988058
2988059
2988060
2988061
2988062
2988063
2988064
2988065
2988066
2988067
2988068
2988069
2988070
2988071
2988072
2988073
2988074
2988075
2988076
2988077
2988078
2988079
2988080
2988081
2988082
2988083
2988084
2988085
2988086
2988087
2988088
2988089
2988090
2988091
2988092
2988093
2988094
2988095
2988096
2988097
2988098
2988099
2988100
2988101
2988102
2988103
2988104
2988105
2988106
2988107
2988108
2988109
2988110
2988111
2988112
2988113
2988114
2988115
2988116
2988117
2988118
2988119
2988120
2988121
2988122
2988123
2988124
2988125
2988126
2988127
2988128
2988129
2988130
2988131
2988132
2988133
2988134
2988135
2988136
2988137
2988138
2988139
2988140
2988141
2988142
2988143
2988144
2988145
2988146
2988147
2988148
2988149
2988150
2988151
2988152
2988153
2988154
2988155
2988156
2988157
2988158
2988159
2988160
2988161
2988162
2988163
2988164
2988165
2988166
2988167
2988168
2988169
2988170
2988171
2988172
2988173
2988174
2988175
2988176
2988177
2988178
2988179
2988180
2988181
2988182
2988183
2988184
2988185
2988186
2988187
2988188
2988189
2988190
2988191
2988192
2988193
2988194
2988195
2988196
2988197
2988198
2988199
2988200
2988201
2988202
2988203
2988204
2988205
2988206
2988207
2988208
2988209
2988210
2988211
2988212
2988213
2988214
2988215
2988216
2988217
2988218
2988219
2988220
2988221
2988222
2988223
2988224
2988225
2988226
2988227
2988228
2988229
2988230
2988231
2988232
2988233
2988237
2988239
2988240
2988242
3040957
3040958
3040959
3040960
3040961
3040962
3040963
3040964
3040965
3040966
3040967
3040968
3040969
3040970
3040971
3040972
3040973
3040974
3040975
3040976
3040977
3040978
3040979
3040980
3040981
3040982
3040983
3040984
3040985
3040986
3040987
3040988
3040989
3040990
3040991
3040992
3040993
3040994
3040995
3040996
3040997
3040998
3040999
3041000
3041001
3041002
3041003
3041004
3041005
3041006
3041007
3041008
3041009
3041010
3041011
3041012
3041013
3041014
3041015
3041016
3041017
3041018
3041019
3041020
3041021
3041022
3041023
3041024
3041025
3041026
3041027
3041028
3041029
3041030
3041031
3041032
3041033
3041034
3041035
3041036
3041037
3041038
3041039
3041040
3041041
3041042
3041043
3041044
3041045
3041046
3041047
3041048
3041049
3041050
3041051
3041052
3041053
3041054
3041055
3041056
3041057
3041058
3041059
3041060
3041061
3041062
3041063
3041064
3041065
3041066
3041067
3041068
3041069
3041070
3041071
3041072
3041073
3041074
3041075
3041076
3041077
3041078
3041079
3041080
3041081
3041082
3041083
3041084
3041085
3041086
3041087
3041088
3041089
3041090
3041091
3041092
3041093
3041094
3041095
3041096
3041097
3041098
3041099
3041100
3041101
3041102
3041103
3041104
3041105
3041106
3041107
3041108
3041109
3041110
3041111
3041112
3041113
3041114
3041115
3041116
3041117
3041118
3070319
3070320
3070321
3070322
3070323
3070324
3070325
3070326
3070327
3070328
3070329
3070330
3070331
3070332
3070333
3070334
3070335
3070336
3070337
3070338
3070339
3070340
3070341
3070343
3070344
3070345
3070346
3070347
3070348
3070349
3070350
3070351
3070352
3070353
3070354
3070355
3070356
3070357
3070358
3070359
3070360
3070361
3070362
3070363
3070364
3070365
3070366
3070367
3070368
3070369
3070370
3070371
3070372
3070373
3070374
3070375
3070376
3070377
3070378
3070379
3070380
3070381
3070382
3070383
3070384
3070385
3070386
3070387
3070388
3070389
3070390
3070391
3070392
3070393
3070394
3070395
3070396
3070397
3070398
3070399
3070400
3070401
3070402
3070403
3070404
3070405
3070406
3070407
3070408
3070409
3070410
3070411
3070412
3070413
3070414
3070415
3070416
3070417
3070418
3070419
3070420
3070421
3070422
3070423
3070424
3070425
3070426
3070427
3070428
3070429
3070430
3070431
3070432
3070433
3070434
3070435
3070436
3070437
3070438
3070439
3070440
3070441
3070442
3070443
3070444
3070445
3070446
3070447
3070448
3070449
3070450
3070451
3070452
3070453
3070454
3070455
3070456
3070457
3070458
3070459
3070460
3070461
3070462
3070463
3070464
3070465
3070466
3070467
3070468
3070470
3070471
3070472
3070473
3070474
2979871
2979872
2979873
2979874
2979875
2979876
2979877
2979878
2979879
2979880
2979881
2979882
2979883
2979884
2979885
2979886
2979887
2979888
2979889
2979890
2979891
2979892
2979893
2979894
2979895
2979896
2979897
2979898
2979899
2979900
2979901
2979902
2979903
2979904
2979905
2979906
2979907
2979908
2979909
2979910
2979911
2979913
2979914
2979915
2979916
2979917
2979918
2979919
2979920
2979921
2979922
2979923
2979924
2979925
2979926
2979927
2979928
2979929
2979930
2979931
2979932
2979933
2979934
2979935
2979936
2979937
2979938
2979939
2979940
2979941
2979942
2979943
2979944
2979945
2979946
2979947
2979948
2979949
2979950
2979951
2979952
2979953
2979954
2979955
2979956
2979957
2979958
2979959
2979960
2979961
2979962
2979963
2979964
2979965
2979966
2979967
2979968
2979969
2979970
2979971
2979972
2979973
2979974
2979975
2979976
2979977
2979978
2979979
2979980
2979981
2979982
2979983
2979984
2979985
2979986
2979987
2979988
2979989
2979990
2979991
2979992
2979993
2979994
2979995
2979996
2979997
2979998
2979999
2980000
2980001
2980002
2980003
2980004
2980005
2980006
2980007
2980008
2980009
2980010
2980011
2980012
2980013
2980014
2980015
2980016
2980017
2980018
2980019
2980020
2980021
2980022
2980023
2980024
2980025
2980026
2980027
2980028
2980029
2980030
2980031
2980032
2980033
2980034
2980035
2980036
2980037
2980038
2980039
2980040
2980041
2980042
2980043
2980044
2980045
2980046
2980047
2980048
2980049
2980050
2980051
2980052
2980053
2980054
2980055
2980056
2980057
2980058
2980059
2980060
2980061
2980062
2980063
2980064
2980065
2980066
2980067
2980068
2980069
2980070
2980071
2980072
2980073
2980074
2980075
2980076
2980077
2980078
2980079
2980080
2980081
2980082
2980083
2980084
2980085
2980086
2972889
2972890
2972891
2972892
2972893
2972894
2972895
2972896
2972897
2972898
2972899
2972900
2972901
2972902
2972903
2972904
2972905
2972906
2972907
2972908
2972909
2972910
2972911
2972912
2972913
2972914
2972915
2972916
2972917
2972918
2972919
2972920
2972921
2972922
2972923
2972924
2972925
2972926
2972927
2972928
2972929
2972930
2972931
2972932
2972933
2972934
2972935
2972936
2972937
2972938
2972939
2972940
2972941
2972942
2972943
2972944
2972945
2972946
2972947
2972948
2972949
2972950
2972951
2972952
2972953
2972954
2972955
2972956
2972957
2972958
2972959
2972960
2972961
2972962
2972963
2972964
2972965
2972966
2972967
2972968
2972969
2972970
2972971
2972972
2972973
2972974
2972975
2972976
2972977
2972978
2972979
2972980
2972981
2972982
2972983
2972984
2972985
2972986
2972987
2972988
2972989
2972990
2972991
2972992
2972993
2972994
2972995
2972996
2972997
2972998
2972999
2973000
2973001
2973002
2973003
2973004
2973005
2973006
2973007
2973008
2973009
2973010
2973011
2973012
2973013
2973014
2973015
2973016
2973017
2973018
2973019
2973020
2973021
2973022
2973023
2973024
2973025
2973026
2973027
2973028
2973029
2973030
2973031
2973032
2973033
2973034
2973035
2973036
2973037
2973038
2973039
2973040
2973041
2973042
2973043
2973044
2973045
2973046
2973047
2973048
2973049
2973050
2973051
2973052
2973053
2973054
2973055
2973056
2973057
2973058
2973059
2973060
2973061
2973062
2973063
2973064
2973065
2973066
2973067
2973068
2973069
2973070
2973071
2973072
2973073
2973074
2973075
2973076
2973077
2973078
2973079
2973080
2973081
2973082
2973083
2973084
2973085
2973086
2973087
2973088
2973089
2973090
2973091
2973092
2973093
2973094
2973095
2973096
2973097
2973098
2973099
2973100
2973101
2973102
2973103
2973104
2973105
2973106
2973107
2973108
2973109
2973110
2973111
2973112
2973113
2973114
2973116
3002549
3002550
3002551
3002552
3002553
3002554
3002555
3002556
3002557
3002558
3002559
3002560
3002561
3002562
3002563
3002564
3131532
3131533
3131534
3131535
3131536
3131537
3131539
3131540
3131541
3131542
3131544
3131546
3131548
3131550
3131552
3131554
3131555
3131556
2972277
2972278
2972279
2972280
2972281
2972282
2972283
2972284
2972285
2972286
2972287
2972288
2972289
2972290
2972291
2972292
2972293
2972294
2972295
2972296
2972297
2972298
2972299
2972300
2972301
2972302
2972303
2972304
2972305
2972306
2972307
2972308
2972309
2972310
2972311
2972312
2972313
2972314
2972315
2972316
2972317
2972318
2972319
2972320
2972321
2972322
2972323
2972324
2972325
2972326
2972327
2972328
2972329
2972330
2972331
2972332
2972333
2972334
2972335
2972336
2972337
2972338
2972339
2972340
2972341
2972342
2972343
2972344
2972345
2972346
2972347
2972348
2972349
2972350
2972351
2972352
2972353
2972354
2972355
2972356
2972357
2972358
2972359
2972360
2972361
2972362
2972363
2972364
2972365
2972366
2972367
2972368
2972369
2972370
2972371
2972372
2972373
2972374
2972375
2972376
2972377
2972378
2972379
2972380
2972381
2972382
2972383
2972384
2972385
2972386
2972387
2972388
2972389
2972390
2972391
2972392
2972393
2972394
2972395
2972396
2972397
2972398
2972399
2972400
2972401
2972402
2972403
2972404
2972405
2972406
2972407
2972408
2972409
2972410
2972411
2972412
2972413
2972414
2972415
2972416
2972417
2972418
2972419
2972420
2972421
2972422
2972423
2972424
2972425
2972426
2972427
2972428
2972429
2972430
2972431
2972432
2972433
2972434
2972435
2972436
2972437
2972438
2972439
2972440
2972441
2972442
2972443
2972444
2972445
2972447
2972448
2972449
2972450
2972451
2972452
2972453
2972454
2972455
2972456
2972457
2972458
2972459
2972460
2972461
2972462
2972463
2972464
2972465
2972466
2972467
2972468
2972469
2972470
2972471
2972472
2972473
2972474
2972475
2972476
2972477
2972478
2972479
2972480
2972481
2972482
2972483
2972484
2972485
2972486
2972487
2972488
2972489
2972490
2972491
2972492
2972493
2972494
2972495
2972496
2972497
2972498
2972499
2972500
2972501
2972502
2972503
2972504
2972505
2972506
2972507
2972508
2972509
2972510
2972511
2972512
2972513
2972514
2972515
2972516
2972517
2972518
2972519
2972520
2972521
2972522
2972523
2972524
2972525
2972526
2972527
2972528
2972529
2972530
2972531
2972532
2972533
2972534
2972535
2972536
2972537
2972538
2972539
2972540
2972541
2972542
2972543
2972544
2972545
2972546
2972547
2972548
2972549
2972550
2972551
2972552
2972553
2972554
2972555
2972556
2972557
2972559
2972560
2972561
2972562
2972563
2972564
2972565
2972566
2972567
2972568
2972569
2972570
2972571
2972572
2972573
2972574
2972575
2972576
2972577
2972578
2972579
2972580
2972581
2972582
2972583
2972584
2972585
2972586
2972587
2972588
2972589
2972590
2972591
2972592
2972593
2972594
2972595
2972596
2972597
2972598
2972599
2972600
2972601
2972602
2972603
2972604
2972605
2972606
2972607
2972608
2972609
2972610
2972611
2972612
2972613
2972614
2972615
2972616
2972617
2972618
2972619
2972620
2972621
2972622
2972623
2972624
2972625
2972626
2972627
2972628
2972629
2972630
2972631
2972632
2972633
2972634
2972635
2972636
2972637
2972638
2972639
2972640
2972641
2972642
2972643
2972644
2972645
2972646
2972647
2972648
2972649
2972650
2972651
2972652
2972653
2972654
2972655
2972656
2972657
2972658
2972659
2972660
2972661
2972662
2972663
2972664
2972665
2972666
2972667
2972668
2972669
2972670
2972671
2972672
2972673
2972674
2972675
2972676
2972677
2972678
2972679
2972680
2972681
2972682
2972683
2972684
2972685
2972686
2972687
2972688
2972689
2972690
2972691
2972692
2972693
2972694
2972695
2972696
2972697
2972698
2972699
2972700
2972701
2972702
2972703
2972704
2972705
2972706
2972707
2972708
2972709
2972710
2972711
2972712
2972713
2972714
2972715
2972716
2972717
2972718
2972719
2972720
2972721
2972722
2972723
2972724
2972725
2972726
2972727
2972728
3033612
3033613
3033614
3033615
3033616
3033617
3033618
3033619
3033620
3033621
3033622
3033623
3033624
3033625
3033626
3033627
3033628
3033629
3033630
3033631
3033632
3033633
3033634
3033635
3033636
3033637
3033638
3033639
3033640
3033641
3033642
3033643
3033644
3033645
3033646
3033647
3033648
3033649
3033650
3033651
3033652
3033653
3033654
3033655
3033657
3033658
3033660
3033661
3033662
3033663
3033664
3033665
3033666
3033667
3033668
3033669
3033670
3033671
3033672
3033673
3033674
3033675
3033676
3033677
3033678
3033679
3033680
3033681
3033747
3033750
3129271
3129272
3129273
3129274
3129275
3129276
3129277
3129278
3129279
3129280
3129281
3129282
3129283
3129284
3129285
3129286
3129287
3129288
3129289
3129290
3129291
3129292
3129293
3129294
3129295
3129296
3129297
3129298
3129299
3029185
3038751
3122552
3058939
3060009
3053199
3030636
3065103
3034890
3026929
2947288
2967586
2967678
3050168
3025781
3027128
2989118
2979912
2972558
3029193
3029194
3029196
3029197
3029198
3029199
3029201
3035346
3035347
3035348
3035351
3035352
3035353
3035354
3035355
3035356
3035818
3035821
3035828
3035832
3035836
3035840
3035842
3035845
3035849
3035851
3035855
3036233
3036235
3036236
3036238
3036239
3036241
3036243
3036245
3036246
3036248
3036251
3054133
3054134
3054135
3054136
3054139
3054140
3054141
3054142
3038439
3038440
3038442
3038443
3038444
3038626
3042843
3042855
3111820
3111821
3111822
3111824
3111825
3111827
3111829
3122663
3122664
3122667
3122668
3122669
3122670
3122671
3122672
3058940
3058941
3058942
3058943
3058944
3058946
3058947
3058948
3058949
3060089
3060091
3060092
3060093
3060094
3060096
3060097
3060098
3060099
3047119
3047120
3047121
3047122
3047123
3047124
3047125
3047126
3047127
3047446
3047447
3047448
3047449
3047450
3047451
3047452
3053288
3053290
3053293
3053294
3053296
3030677
3030678
3030679
3030680
3030681
3030682
3030683
3030684
3030685
3030686
3031158
3031159
3031160
3031161
3031163
3031165
3073264
3073265
3073266
3073267
3073268
3073271
3073272
3032170
3032171
3032173
3032176
3032177
3031819
3031820
3031821
3031822
3031823
3031824
3031826
3031827
3031828
3034921
3034922
3034923
3034924
3034925
3034926
3040484
3040485
3040486
3040487
3040488
3040489
3040490
3040491
3026992
3026993
3026997
3026998
2951600
2951602
2951603
2951604
2951605
2951606
2951607
3050177
3050260
3050261
3050262
3050264
3050265
3050266
3050267
3036914
3036916
3036919
3036921
3029887
3029888
3029890
3029891
3025821
3025822
3025823
3025824
3025825
3025826
3025827
3027201
3027203
3027204
3027206
3027207
3027208
3037885
3037886
3037887
3037888
3081876
3081877
3081878
3081881
3081883
3081884
3051940
3051941
3051942
3051943
3051945
3048367
3048368
3048370
3048371
3048372
3048373
3032666
3032667
3032668
3032669
3032670
3032671
3030143
3030144
3030145
3030146
3030147
3030148
3030149
3030150
3029046
3029047
3029048
3029049
3029050
3034978
3034979
3034980
3034981
3034982
3034983
3034984
3034985
3034986
3034987
3034988
3034989
3034990
3034991
3034992
3034993
3034994
3034995
3034996
3034998
3034999
3035001
3035002
3035003
3035004
3035005
3035006
3035007
3035008
3035009
3035010
3035011
3035012
3035013
3035014
3035015
3035016
3035017
3035018
3035019
3035020
3035021
3035022
3035023
3035024
3035025
3035026
3035027
3035028
3035029
3035030
3035031
3035032
3035033
3035034
3035035
3035037
3035038
3035039
3035041
3035044
3035045
3035047
3035048
3035049
3035050
3035051
3035052
3035053
3035054
3035055
3035056
3035057
3035058
3035059
3035060
3035061
2989247
2989248
2989249
2989250
2988234
2988235
2988236
2988238
2988241
3041120
3041121
3041122
3041123
3041124
3041125
3041126
3041127
3070475
3070476
3070479
3070480
3070481
3070484
3070486
2980087
2980088
2980089
2980091
2980092
2980093
2980094
2973117
2973118
2973119
2973120
2973121
2973123
2972730
2972732
2972733
2972734
2972735
2972737
2972738
2972739
3129300
3129301
3129302
3129303
3029195
3029200
3029202
3035345
3035350
3035824
3036253
3054131
3054132
3054137
3054138
3038441
3111823
3111826
3111828
3122665
3122666
3058945
3060090
3060095
3047444
3047445
3053289
3053291
3053292
3053295
3053297
3031156
3031157
3031162
3031164
3073270
3032172
3032174
3032175
3032178
3031825
3031829
3031830
3031831
3031832
3026994
3026995
3026996
2951601
3050263
3036915
3036917
3036918
3036920
3029889
3025820
3027202
3027205
3037889
3081879
3081880
3081882
3051939
3051944
3048369
3029045
3034997
3035000
3035036
3035040
3035042
3035043
3035046
2989246
2989252
2989253
2989254
2989255
2988243
3041119
3070477
3070482
3070483
3070485
2980090
2973115
2973122
2972729
2972731
2972736
3129304
