2988916
2988917
2988918
2988919
2988920
2988921
2988922
2988923
2988924
2988925
2988926
2988927
2988928
2988929
2988930
2988931
2988932
2988933
2988934
2988935
2988936
2988937
2988938
2988939
2988940
2988941
2988942
2988943
2988944
2988945
2988946
2988947
2988948
2988949
2988950
2988951
2988952
2988953
2988954
2988955
2988956
2988957
2988958
2988959
2988960
2988961
2988962
2988963
2988964
2988965
2988966
2988967
2988968
2988969
2988970
2988971
2988972
2988973
2988974
2988975
2988976
2988977
2988978
2988979
2988980
2988981
2988982
2988983
2988984
2988985
2988986
2988987
2988988
2988989
2988990
2988991
2988992
2988993
2988994
2988995
2988996
2988997
2988998
2988999
2989000
2989001
2989002
2989003
2989004
2989005
2989006
2989007
2989008
2989009
2989010
2989011
2989012
2989013
2989014
2989015
2989016
2989017
2989018
2989019
2989020
2989021
2989022
2989023
2989024
2989025
2989026
2989027
2989028
2989029
2989030
2989031
2989032
2989033
2989034
2989035
2989036
2989037
2989038
2989039
2989040
2989041
2989042
2989043
2989044
2989045
2989046
2989047
2989048
2989049
2989050
2989051
2989052
2989053
2989054
2989055
2989056
2989057
2989058
2989059
2989060
2989061
2989062
2989063
2989064
2989065
2989066
2989067
2989068
2989070
2989071
2989072
2989073
2989074
2989075
2989076
2989077
2989078
2989079
2989080
2989081
2989082
2989083
2989084
2989085
2989089
2989094
2987874
2987875
2987876
2987877
2987878
2987879
2987880
2987881
2987882
2987883
2987884
2987885
2987886
2987887
2987888
2987889
2987890
2987891
2987892
2987893
2987894
2987895
2987896
2987897
2987898
2987899
2987900
2987901
2987902
2987903
2987904
2987905
2987906
2987907
2987908
2987909
2987910
2987911
2987912
2987913
2987914
2987915
2987916
2987917
2987918
2987919
2987920
2987921
2987922
2987923
2987924
2987925
2987926
2987927
2987928
2987929
2987930
2987931
2987932
2987933
2987934
2987935
2987936
2987937
2987938
2987939
2987940
2987941
2987942
2987943
2987944
2987945
2987946
2987947
2987948
2987949
2987950
2987951
2987952
2987953
2987954
2987955
2987956
2987957
2987958
2987959
2987960
2987961
2987962
2987963
2987964
2987965
2987966
2987967
2987968
2987969
2987970
2987971
2987972
2987973
2987974
2987975
2987976
2987977
2987978
2987979
2987980
2987981
2987982
2987983
2987984
2987985
2987986
2987987
2987988
2987989
2987990
2987991
2987992
2987993
2987994
2987995
2987996
2987997
2987998
2987999
2988000
2988001
2988002
2988003
2988004
2988005
2988006
2988007
2988008
2988009
2988010
2988011
2988012
2988013
2988014
2988015
2988016
2988017
2988018
2988019
2988020
2988021
2988022
2988023
2988024
2988025
2988026
2988027
2988028
2988029
2988030
2988031
2988032
2988033
2988034
2988035
2988036
2988037
2988038
2988039
2988040
2988041
2988042
2988043
2988044
2988045
2988046
2988047
2988048
2988049
2988050
2988051
2988052
2988053
2988054
2988055
2988056
2988057
2988058
2988059
2988060
2988061
2988062
2988063
2988064
2988065
2988066
2988067
2988068
2988069
2988070
2988071
2988072
2988073
2988074
2988075
2988076
2988077
2988078
2988079
2988080
2988081
2988082
2988083
