3029073
3029074
3029075
3029076
3029077
3029078
3029079
3029080
3029081
3029082
3029083
3029084
3029085
3029086
3029087
3029088
3029089
3029090
3029091
3029092
3029093
3029094
3029095
3029096
3029097
3029098
3029099
3029100
3029101
3029102
3029103
3029104
3029105
3029106
3029107
3029108
3029109
3029110
3029111
3029112
3029113
3029114
3029115
3029116
3029117
3029118
3029119
3029120
3029121
3029122
3029123
3029124
3029125
3029126
3029127
3029128
3029129
3029130
3029131
3029132
3029133
3029134
3029135
3029136
3029137
3029138
3029139
3029140
3029141
3029142
3029143
3029144
3029145
3029146
3029147
3029148
3029149
3029150
3029151
3029152
3029153
3029154
3029155
3029156
3029157
3029158
3029159
3029160
3029161
3029162
3029163
3029164
3029165
3029166
3029167
3029168
3029169
3029170
3029171
3029172
3029173
3029174
3029175
3029176
3029177
3029178
3029179
3029180
3029181
3029182
3111700
3111701
3111702
3111703
3111704
3111705
3111706
3111707
3111708
3111709
3111710
3111711
3111712
3111713
3111714
3111715
3111716
3111717
3111718
3111719
3111720
3111721
3111722
3111723
3111724
3111725
3111726
3111727
3111728
3111729
3111730
3111731
3111732
3111733
3111734
3111735
3111736
3111737
3111738
3111739
3111740
3111741
3111742
3111743
3111744
3111745
3111746
3111747
3111748
3111749
3111750
3111751
3111752
3111753
3111754
3111755
3111756
3111757
3111758
3111759
3111760
3111761
3111763
3111764
3111765
3111766
3111767
3111768
3111769
3111770
3111771
3111772
3111773
3111774
3111775
3111776
3111777
3111778
3111779
3111780
3111781
3111782
3111783
3111784
3111785
3111786
3111787
3111788
3111789
3111790
3111791
3111792
3111793
3111794
3111795
3111796
3111797
3111798
3111799
3111800
3111801
3111802
3111803
3111804
3111805
3111806
3111807
3111808
3111809
3058810
3058811
3058812
3058813
3058814
3058815
3058816
3058817
3058818
3058819
3058820
3058821
3058822
3058823
3058824
3058825
3058826
3058827
3058828
3058829
3058830
3058831
3058832
3058833
3058834
3058835
3058836
3058837
3058838
3058839
3058840
3058841
3058842
3058843
3058844
3058845
3058846
3058847
3058848
3058849
3058850
3058851
3058852
3058853
3058854
3058855
3058856
3058857
3058858
3058859
3058860
3058861
3058862
3058863
3058864
3058865
3058866
3058867
3058868
3058869
3058870
3058871
3058872
3058873
3058874
3058875
3058876
3058877
3058878
3058879
3058880
3058881
3058882
3058883
3058884
3058885
3058886
3058887
3058888
3058889
3058890
3058891
3058892
3058893
3058894
3058895
3058896
3058897
3058898
3058899
3058900
3058902
3058903
3058904
3058905
3058906
3058907
3058908
3058909
3058910
3058911
3058912
3058913
3058914
3058915
3058916
3058917
3058918
3058919
3058920
3058921
3058922
3058923
3058924
3058925
3058926
3058927
3058928
3058929
3030547
3030548
3030549
3030550
3030551
3030552
3030553
3030554
3030555
3030556
3030557
3030558
3030559
3030560
3030561
3030562
3030563
3030564
3030565
3030566
3030567
3030568
3030569
3030570
3030571
3030572
3030573
3030574
3030575
3030576
3030577
3030578
3030579
3030580
3030581
3030582
3030583
3030584
3030585
3030586
3030587
3030588
3030589
3030590
3030591
3030592
3030593
3030594
3030595
3030596
3030597
3030598
3030599
3030600
3030601
3030602
3030603
3030604
3030605
3030606
3030607
3030608
3030609
3030610
3030611
3030612
3030613
3030614
3030615
3030616
3030617
3030618
3030619
3030620
3030621
3030622
3030623
3030624
3030625
3030626
3030627
3030628
3030629
3030630
3030631
3030632
3030633
3030634
3030635
3030636
3030637
3030638
3030639
3030640
3030641
3030642
3030643
3030644
3030645
3030646
3030647
3030648
3030649
3030650
3030651
3030652
3030653
3030654
3030655
3030656
3030657
3030659
3030660
3030661
3030662
3030663
3030664
3030665
3030666
3047020
3047021
3047022
3047023
3047024
3047025
3047026
3047027
3047028
3047029
3047030
3047031
3047032
3047033
3047034
3047035
3047036
3047037
3047038
3047039
3047040
3047041
3047042
3047043
3047044
3047045
3047046
3047047
3047048
3047049
3047050
3047051
3047052
3047053
3047054
3047055
3047056
3047057
3047058
3047059
3047060
3047061
3047062
3047063
3047064
3047065
3047066
3047067
3047068
3047069
3047070
3047071
3047072
3047073
3047074
3047075
3047076
3047077
3047078
3047079
3047080
3047081
3047082
3047083
3047084
3047085
3047086
3047087
3047088
3047089
3047090
3047091
3047092
3047093
3047094
3047095
3047096
3047097
3047098
3047099
3047100
3047101
3047102
3047103
3047104
3047105
3047106
3047107
3047108
3047109
3029183
3029184
3029188
3029189
3029190
3029191
3029192
3111810
3111811
3111812
3111815
3111817
3111818
3111819
3058930
3058931
3058932
3058933
3058935
3058937
3058939
3030669
3030670
3030671
3030672
3030673
3030674
3030675
3030676
3047110
3047111
3047112
3047113
3047114
3047116
3047117
3047118
3029185
3029186
3029187
3111813
3111814
3111816
3058934
3058936
3058938
3030667
3030668
3047115
3129271
3129272
3129273
3129275
3129276
3129277
3129278
3129279
3129281
3129282
3129283
3129284
3129285
3129286
3129287
3129288
3129289
3129290
3129291
3129292
3129293
3129294
3129295
